       pp_ac.sim::cutoff_lowpass_3db(v(out))              pp_ac.sim::max(db(v(out)))              pp_dc.sim::i(q1:c)              pp_dc.sim::w(q1)              r3::value              r7::value       
3003673.9064929 -15.991269975449 0.16033698137490 0.037778016181793 110.00000000000 3.3000000000000 
2655331.1367145 -6.3769942948482 0.14544949437694 0.029354710102412 1210.0000000000 3.3000000000000 
80559189.286333 31.671169632223 0.10331773316280 1.2740062178980 2310.0000000000 3.3000000000000 
82147657.691306 32.323686441431 0.074388057603386 1.5622285400573 3410.0000000000 3.3000000000000 
81274122.118590 32.650187919356 0.056299185180409 1.4870006283243 4510.0000000000 3.3000000000000 
80684260.799273 32.792638196915 0.043662791062255 1.3182559849991 5610.0000000000 3.3000000000000 
80754613.159652 32.801456495380 0.034226301997046 1.1299077120186 6710.0000000000 3.3000000000000 
81575054.998361 32.691448956551 0.026865967773958 0.94600525141118 7810.0000000000 3.3000000000000 
83229524.813734 32.456172084029 0.020930376936402 0.77395811290906 8910.0000000000 3.3000000000000 
85832813.079689 32.069358929509 0.016085801362240 0.61808066784449 10010.000000000 3.3000000000000 
2990253.2117621 -1.6707196108434 0.14377462320337 0.034783160640576 110.00000000000 36.300000000000 
192897043.96104 17.840706030501 0.070759185844513 1.5631551163327 1210.0000000000 36.300000000000 
199509012.80741 18.524708263656 0.046167246414048 1.3593569737412 2310.0000000000 36.300000000000 
201561194.95791 18.733436983512 0.032975311994345 1.1009414184118 3410.0000000000 36.300000000000 
201975809.60666 18.767840080630 0.024632692512320 0.88378167898966 4510.0000000000 36.300000000000 
201413632.33045 18.701271496597 0.018859376591729 0.70913216244439 5610.0000000000 36.300000000000 
200106298.71226 18.552191034720 0.014626614713315 0.56842738431812 6710.0000000000 36.300000000000 
198034627.94562 18.319600416717 0.011396420691811 0.45384908292140 7810.0000000000 36.300000000000 
195124708.16953 17.987851563539 0.0088499888677412 0.35911092986983 8910.0000000000 36.300000000000 
191058562.11937 17.528617246340 0.0068161074139481 0.28069251873396 10010.000000000 36.300000000000 
210166033.47370 10.071163748281 0.082115184777392 1.5346388862955 110.00000000000 69.300000000000 
216730273.31321 14.899066185213 0.043801171389264 1.3207731071104 1210.0000000000 69.300000000000 
218034755.62555 15.308155214052 0.028892005980416 0.99989170599832 2310.0000000000 69.300000000000 
217455950.72019 15.359575474284 0.020692391037701 0.76675819701732 3410.0000000000 69.300000000000 
215894629.74832 15.260737914884 0.015476326744697 0.59753886885812 4510.0000000000 69.300000000000 
213619278.06214 15.058576420762 0.011864905562121 0.47085529080174 5610.0000000000 69.300000000000 
210649571.16631 14.760297826655 0.0092204625433858 0.37315478029068 6710.0000000000 69.300000000000 
206972494.48123 14.356322892095 0.0072058363329211 0.29592485343685 7810.0000000000 69.300000000000 
202474647.46043 13.822769886828 0.0056258065489485 0.23366390349337 8910.0000000000 69.300000000000 
196916609.64247 13.124286000534 0.0043548224719153 0.18249745423903 10010.000000000 69.300000000000 
225810967.82424 8.9851469877673 0.057111695118500 1.4947241816228 110.00000000000 102.30000000000 
225643063.48405 13.369253034839 0.031506028809415 1.0658215759602 1210.0000000000 102.30000000000 
224845789.06243 13.619393036938 0.020919808016156 0.77379068501706 2310.0000000000 102.30000000000 
222818339.58559 13.553478065916 0.015025604049852 0.58216486656486 3410.0000000000 102.30000000000 
220053891.43284 13.340523866708 0.011260975934009 0.44891589581453 4510.0000000000 102.30000000000 
216669920.23701 13.016699129738 0.0086504767246506 0.35155265375911 5610.0000000000 102.30000000000 
212693970.76824 12.583952564369 0.0067377651410935 0.27763667239962 6710.0000000000 102.30000000000 
208112877.22124 12.026197293099 0.0052801865936739 0.21984737084352 7810.0000000000 102.30000000000 
202816595.29331 11.318574049850 0.0041368032965845 0.17363175186595 8910.0000000000 102.30000000000 
196591629.08726 10.426523583454 0.0032167658060906 0.13587777923579 10010.000000000 102.30000000000 
232595886.10767 8.2201397687038 0.043733045593753 1.3196215960173 110.00000000000 135.30000000000 
229732408.35234 12.394968480475 0.024555584245436 0.88167962763449 1210.0000000000 135.30000000000 
227574956.82091 12.531069591398 0.016375765613265 0.62790863232100 2310.0000000000 135.30000000000 
224553123.88813 12.364397855485 0.011788363321461 0.46810000481987 3410.0000000000 135.30000000000 
220894923.46583 12.050245907638 0.0088503058132113 0.35915320110268 4510.0000000000 135.30000000000 
216752131.05785 11.615611887583 0.0068102907217410 0.28048121973715 5610.0000000000 135.30000000000 
212122354.12476 11.060064134468 0.0053144643957869 0.22122200527636 6710.0000000000 135.30000000000 
206996246.07232 10.367035428650 0.0041740046851016 0.17514820473491 7810.0000000000 135.30000000000 
201262230.88025 9.5133135104235 0.0032790069977437 0.13845105996274 8910.0000000000 135.30000000000 
194754242.98778 8.4640832461572 0.0025584856694918 0.10856181485056 10010.000000000 135.30000000000 
236112362.18792 7.6610829234775 0.035422473809196 1.1568967672017 110.00000000000 168.30000000000 
231593214.08456 11.703228929173 0.020104953011527 0.74858761685031 1210.0000000000 168.30000000000 
228488604.23953 11.741916786499 0.013449039531193 0.52741366288560 2310.0000000000 168.30000000000 
224659435.73893 11.486023401256 0.0096985544159111 0.39114115734632 3410.0000000000 168.30000000000 
220356187.50531 11.076781954522 0.0072917768205168 0.29927568519746 4510.0000000000 168.30000000000 
215672325.45232 10.539542387664 0.0056189264755851 0.23339304666521 5610.0000000000 168.30000000000 
210589719.48035 9.8741020659369 0.0043915387464727 0.18399684190091 6710.0000000000 168.30000000000 
205125832.77985 9.0629594612136 0.0034553122285205 0.14571797291302 7810.0000000000 168.30000000000 
199158297.11887 8.0846715683167 0.0027202974383380 0.11530275478729 8910.0000000000 168.30000000000 
192442692.24472 6.9100130028969 0.0021283070719668 0.090573049373882 10010.000000000 168.30000000000 
238030871.84247 7.2308599458205 0.029763477059031 1.0224273824120 110.00000000000 201.30000000000 
232367713.77001 11.170117569560 0.017016102492261 0.64925418230508 1210.0000000000 201.30000000000 
228440475.94933 11.125087271719 0.011409059613667 0.45434025706276 2310.0000000000 201.30000000000 
223997700.80099 10.784744261098 0.0082390330745313 0.33584762641984 3410.0000000000 201.30000000000 
219199375.49661 10.286386845501 0.0062017648553592 0.25653822836730 4510.0000000000 201.30000000000 
214084261.06812 9.6568079171879 0.0047845998889576 0.19991406677603 5610.0000000000 201.30000000000 
208714706.63609 8.8904853404854 0.0037442675477683 0.15758832672491 6710.0000000000 201.30000000000 
203013274.30185 7.9758377266247 0.0029504123872953 0.12485967285213 7810.0000000000 201.30000000000 
196883965.99324 6.8922290144363 0.0023269565220290 0.098895529547804 8910.0000000000 201.30000000000 
190056967.27481 5.6154457706386 0.0018246265949741 0.077808554311096 10010.000000000 201.30000000000 
239052375.95104 6.8852877083429 0.025663045109812 0.91301524528686 110.00000000000 234.30000000000 
232479251.24278 10.738553984948 0.014748689039322 0.57270676040277 1210.0000000000 234.30000000000 
227882104.70629 10.614990332042 0.0099066210662675 0.39893302268471 2310.0000000000 234.30000000000 
222929723.86833 10.194865687476 0.0071622998461900 0.29424183673796 3410.0000000000 234.30000000000 
217703448.61273 9.6152308117877 0.0053966234386933 0.22451597838847 4510.0000000000 234.30000000000 
212317106.25239 8.8964790463329 0.0041675923688679 0.17488951725905 5610.0000000000 234.30000000000 
206723242.97898 8.0403635317536 0.0032649818533764 0.13787364996359 6710.0000000000 234.30000000000 
200868899.89226 7.0354195558162 0.0025759936776756 0.10929456668444 7810.0000000000 234.30000000000 
194637976.75472 5.8622897928028 0.0020347376870071 0.086647442238975 8910.0000000000 234.30000000000 
187657956.32962 4.5023971824190 0.0015984981526699 0.068268687092257 10010.000000000 234.30000000000 
239543561.02202 6.5965754810117 0.022555734651588 0.82340047565231 110.00000000000 267.30000000000 
232194275.53855 10.374396539856 0.013014169047784 0.51207566150770 1210.0000000000 267.30000000000 
227038576.29346 10.176156306978 0.0087542647921145 0.35552342864457 2310.0000000000 267.30000000000 
221633644.77785 9.6820889770544 0.0063352839824106 0.26181635865724 3410.0000000000 267.30000000000 
216102966.33298 9.0235036910061 0.0047775340466994 0.19963132192311 4510.0000000000 267.30000000000 
210471985.38915 8.2255343337822 0.0036926676955139 0.15547376566419 5610.0000000000 267.30000000000 
204734716.85687 7.2876561721315 0.0028956509738391 0.12258911886018 6710.0000000000 267.30000000000 
198774072.12365 6.2016634149784 0.0022870981584246 0.097228319245710 7810.0000000000 267.30000000000 
192431227.21568 4.9517858925217 0.0018089123264928 0.077147865953595 8910.0000000000 267.30000000000 
185318205.39529 3.5236358854797 0.0014234010996383 0.060861216509327 10010.000000000 267.30000000000 
239679140.31292 6.3489817526832 0.020119909579204 0.74911171112345 110.00000000000 300.30000000000 
231671919.44220 10.056846265022 0.011644719947980 0.46293625813161 1210.0000000000 300.30000000000 
226013074.34866 9.7888194688099 0.0078424977643624 0.32061572060124 2310.0000000000 300.30000000000 
220251041.85621 9.2230583192725 0.0056801388553705 0.23584055850217 3410.0000000000 300.30000000000 
214476546.62152 8.4904534807654 0.0042866329622458 0.17973746124376 4510.0000000000 300.30000000000 
208676773.56120 7.6176733291150 0.0033157330922481 0.13996892606735 5610.0000000000 300.30000000000 
202791579.54746 6.6067132555560 0.0026022325301980 0.11038877424886 6710.0000000000 300.30000000000 
196742081.56170 5.4495505852543 0.0020573204004681 0.087596194313545 7810.0000000000 300.30000000000 
190308472.49677 4.1345893639239 0.0016290510461251 0.069560472883948 8910.0000000000 300.30000000000 
183009234.21838 2.6501858880237 0.0012837016886744 0.054938447632013 10010.000000000 300.30000000000 
